001
001340
001670
001671
001684
001787
001939
001242
001246
001264
001268
001284
001345
001441
001473
001649
001664
001721
001758
001767
001784
001809
001868
001869
001876
0020
00210
00211
00212
00213
00214
00215
00216
00217
00218
00219
00220
00221
00222
00223
00224
00225
00226
00227
00228
00229
00230
00231
00232
00233
00234
00235
00236
00237
00238
00239
00240
00241
00242
00243
00244
00245
00246
00247
00248
00249
00250
00251
00252
00253
00254
00255
00255
00256
00257
00258
00259
00260
00261
00262
00262
00263
00264
00265
00266
00267
00268
00269
0027
00281
00290
00290
00291
00292
00293
00294
00295
00296
00297
00298
00299
0030
0031
0032
0033
0034
00350
00351
00352
00353
00354
00355
00356
00357
00358
00358
00359
0036


00370
00371
00372
00373
00373
00374
00374
00375
00376
00377
00378
00379
0038
00380
00381
00382
00383
00384
00385
00386
00387
00388
00389
0039
0039
0040
0041
0042
00420
00421
00422
00423
00424
00425
00426
00427
00428
00429
0043
0044
0044
0044
0044
0045
0046
0047
0047
0047
0048
0049
00500
00500
00501
00502
00503
00504
00505
00506
00507
00508
00509
0051
0052
0053
0054
0055
0056
0057
0058
00590
00591
00592
00593
00594
00595
00596
00597
00598
00599
00599
00599
00599
00599
00599
00599
00one
0060
0061
0061
0061
0062
0063
0064
0064
0065
0066
00670
00671
00672
00672
00672
00673
00674
00675
00676
00677
00678
00679
00680
00681
00682
00683
00684
00685
00686
00687
00688
00689
00690
00691
00692
00693
00694
00695
00696
00697
00698
00699
007
007
007
007
007
007
007
007
007
007
007
007
007
007
007
007
007
007
007
007
007
007
007
007
007
007
007
007
007
007
007
007
007
007
007
007
007
007
007
007
007
007
007
007
007
007
007
007
007
007
007
007
007
007
007
007
007
007
007
007
007
007
007
007600
007800
00840
00800
00801
00802
00803
00804
00805
00806
00807
00808
00809
0081
0082
00831
0084
00850
00851
00852
00853
00854
00855
00856
00857
00858
00859
0086
00870
00871
00872
00873
00874
00875
00876
00877
00878
00879
00880
00881
00882
00883
00884
00885
00886
00887
00888
00889
0089x
0090
0090392
0091
0092
0093
0094
0095
00960
00961
00962
00963
00964
00965
00966
00967
00968
00969
00970
00971
00972
00973
00974
00975
00976
00977
00978
00979
0098
00990
00991
00992
00993
00994
00995
0099534
0099544
00996
00997
00998
0030
0030
0030
0030
0030
0030
0030
0030
0030
0030
0030
0030
0030
0030
0030
0030
0030
0030
0030
0030
0030
0030
0030
0030
0030
0030
0030
0030
0030
0030
0030
0030
0030
0030
0030
0030
0030
0030
0030
0030
0030
0030
0030
0030
0030
0030
0030
0030
0030
0030
0030
0030
0030
0030
0030
0030
0030
0030
0030
0030
0030
0030
0030
0030
0030
0030
0030
0030
0030
0030
0030
0030
0030
0030
0030
0030
0030
0030
0030
0030
0030
0030
0030
0030
0030
0030
0030
0030
0030
0030
0030
0030
0030
0030
0030
0030
0030
0030
0030
0030
0030
0030
0030
0030
0030
0030
0030
0030
0030
0030
0030
0030
0030
0030
0030
0030
0030
0030
0030
0030
0030
0030
0030
0030
0030
0030
0030
0030
0030
0030
0030
0030
0030
0030
0030
0030
0030
0030
0030
0030
0030
0030
0030
0030
0030
0030
0030
0030
0030
0030
0030
0030
0030
0030
0030
0030
0030
0030
0030
0030
0030
0030
0030
0030
0030
0030
0030
0030
0030
0030
0030
0030
0030
0030
0030
0030
0030
0030
0030
0030
0030
0030
0030
0030
0030
0030
0030
0030
0030
0030
0030
0030
0030
0030
0030
0030
0030
0030
0030
0030
0030
0030
0030
0030
0030
0030
0030
0030
0030
0030
0030
0030
0030
0030
0030
0030
0030
0030
0030
0030
0030
0030
0030
0030
0030
0030
0030
0030
0030
0030
0030
0030
0030
0030
0030
0030
0030
0030
0030
0030
0030
0030
0030
0030
0030
0030
0030
0030
0030
0030
0030
0030
0030
0030
0030
0030
0030
0030
0030
0030
0030
0030
0030
0030
0030
0030
0030
0030
0030
0030
0030
0030
0030
0030
0030
0030
0030
0030
0030
0030
0030
0030
0030
0030
0030
0030
0030
0030
0030
0030
0030
0030
0030
0030
0030
0030
0030
0030
0030
0030
0030
0030
0030
0030
0030
0030
0030
0030
0030
0030
0030
0030
0030
0030
0030
0030
0030
0030
0030
0030
0030
0030
0030
0030
0030
0030
0030
0030
0030
0030
0030
0030
0030
0030
0030
0030
0030
0030
0030
0030
0030
0030
0030
0030
0030
0030
0030
0030
0030
0030
0030
0030
0030
0030
0030
0030
0030
0030
0030
0030
0030
0030
0030
0030
0030
0030
0030
0030
0030
0030
0030
0030
0030
0030
0030
0030
0030
0030
0030
0030
0030
0030
0030
0030
0030
0030
0030
0030
0030
0030
0030
0030
0030
0030
0030
0030
0030
0030
0030
0030
0030
0030
0030
0030
0030
0030
0030
0030
0030
0030
0030
0030
0030
0030
0030
0030
0030
0030
0030
0030
0030
0030
0030
0030
0030
0030
0030
0030
0030
0030
0030
0030
0030
0030
0030
0030
0030
0030
0030
0030
0030
0030
0030
0030
0030
0030
0030
0030
0030
0030
0030
0030
0030
0030
0030
0030
0030
0030
0030
0030
0030
0030
0030
0030
0030
0030
0030
0030
0030
0030
0030
0030
0030
0030
0030
0030
0030
0030
0030
0030
0030
0030
0030
0030
0030
0030
0030
0030
0030
0030
0030
0030
0030
0030
0030
0030
0030
0030
0030
0030
0030
0030
0030
0030
0030
0030
0030
0030
0030
0030
0030
0030
0030
0030
0030
0030
0030
0030
0030
0030
0030
0030
0030
0030
0030
0030
0030
0030
0030
0030
0030
0030
0030
0030
0030
0030
0030
0030
0030
0030
0030
0030
0030
0030
0030
0030
0030
0030
0030
0030
0030
0030
0030
0030
0030
0030
0030
0030
0030
0030
0030
0030
0030
0030
0030
0030
0030
0030
0030
0030
0030
0030
0030
0030
0030
0030
0030
0030
0030
0030
0030
0030
0030
0030
0030
0030
0030
0030
0030
0030
0030
0030
0030
0030
0030
0030
0030
0030
0030
0030
0030
0030
0030
0030
0030
0030
0030
0030
0030
0030
0030
0030
0030
0030
0030
0030
0030
0030
0030
0030
0030
0030
0030
0030
0030
0030
0030
0030
0030
0030
0030
0030
0030
0030
0030
0030
0030
0030
0030
0030
0030
0030
0030
0030
0030
0030
0030
0030
0030
0030
0030
0030
0030
0030
0030
0030
0030
0030
0030
0030
0030
0030
0030
0030
0030
0030
0030
0030
0030
0030
0030
0030
0030
0030
0030
0030
0030
0030
0030
0030
0030
0030
0030
0030
0030
0030
0030
0030
0030
0030
0030
0030
0030
0030
0030
0030
0030
0030
0030
0030
0030
0030
0030
0030
0030
0030
0030
0030
0030
0030
0030
0030
0030
0030
0030
0030
0030
0030
0030
0030
0030
0030
0030
0030
0030
0030
0030
0030
0030
0030
0030
0030
0030
0030
0030
0030
0030
0030
0030
0030
0030
0030
0030
0030
0030
0030
0030
0030
0030
0030
0030
0030
0030
0030
0030
0030
0030
0030
0030
0030
0030
0030
0030
0030
0030
0030
0030
0030
0030
0030
0030
0030
0030
0030
0030
0030
0030
0030
0030
0030
0030
0030
0030
0030
0030
0030
0030
0030
0030
0030
0030
0030
0030
0030
0030
0030
0030
0030
0030
0030
0030
0030
0030
0030
0030
0030
0030
0030
0030
0030
0030
0030
0030
0030
0030
0030
0030
0030
0030
0030
0030
0030
0030
0030
0030
0030
0030
0030
0030
0030
0030
0030
0030
0030
0030
0030
0030
0030
0030
0030
0030
0030
0030
0030
0030
0030
0030
0030
0030
0030
0030
0030
0030
0030
0030
0030
0030
0030
0030
0030
0030
0030
0030
0030
0030
0030
0030
0030
0030
0030
0030
0030
0030
0030
0030
0030
0030
0030
0030
0030
0030
0030
0030
0030
0030
0030
0030
0030
0030
0030
0030
0030
0030
0030
0030
0030
0030
0030
0030
0030
0030
0030
0030
0030
0030
0030
0030
0030
0030
0030
0030
0030
0030
0030
0030
0030
0030
0030
0030
0030
0030
0030
0030
0030
0030
0030
0030
0030
0030
0030
0030
0030
0030
0030
0030
0030
0030
0030
0030
0030
0030
0030
0030
0030
0030
0030
0030
0030
0030
0030
0030
0030
0030
0030
0030
0030
0030
0030
0030
0030
0030
0030
0030
0030
0030
0030
0030
0030
0030
0030
0030
0030
0030
0030
0030
0030
0030
0030
0030
0030
0030
0030
0030
0030
0030
0030
0030
0030
0030
0030
0030
0030
0030
0030
0030
0030
0030
0030
0030
0030
0030
0030
0030
0030
0030
0030
0030
0030
0030
0030
0030
0030
0030
0030
0030
0030
0030
0030
0030
0030
0030
0030
0030
0030
0030
0030
0030
0030
0030
0030
0030
0030
0030
0030
0030
0030
0030
0030
0030
0030
0030
0030
0030
0030
0030
0030
0030
0030
0030
0030
0030
0030
0030
0030
0030
0030
0030
0030
0030
0030
0030
0030
0030
0030
0030
0030
0030
0030
0030
0030
0030
0030
0030
0030
0030
0030
0030
0030
0030
0030
0030
0030
0030
0030
0030
0030
0030
0030
0030
0030
0030
0030
0030
0030
0030
0030
0030
0030
0030
0030
0030
0030
0030
0030
0030
0030
0030
0030
0030
0030
0030
0030
0030
0030
0030
0030
0030
0030
0030
0030
0030
0030
0030
0030
0030
0030
0030
0030
0030
0030
0030
0030
0030
0030
0030
0030
0030
0030
0030
0030
0030
0030
0030
0030
0030
0030
0030
0030
0030
0030
0030
0030
0030
0030
0030
0030
0030
0030
0030
0030
0030
0030
0030
0030
0030
0030
0030
0030
0030
0030
0030
0030
0030
0030
0030
0030
0030
0030
0030
0030
0030
0030
0030
0030
0030
0030
0030
0030
0030
0030
0030
0030
0030
0030
0030
0030
0030
0030
0030
0030
0030
0030
0030
0030
0030
0030
0030
0030
0030
0030
0030
0030
0030
0030
0030
0030
0030
0030
0030
0030
0030
0030
0030
0030
0030
0030
0030
0030
0030
0030
0030
0030
0030
0030
0030
0030
0030
0030
0030
0030
0030
0030
0030
0030
0030
0030
0030
0030
0030
0030
0030
0030
0030
0030
0030
0030
0030
0030
0030
0030
0030
0030
0030
0030
0030
0030
0030
0030
0030
0030
0030
0030
0030
0030
0030
0030
0030
0030
0030
0030
0030
0030
0030
0030
0030
0030
0030
0030
0030
0030
0030
0030
0030
0030
0030
0030
0030
0030
0030
0030
0030
0030
0030
0030
0030
0030
0030
0030
0030
0030
0030
0030
0030
0030
0030
0030
0030
0030
0030
0030
0030
0030
0030
0030
0030
0030
0030
0030
0030
0030
0030
0030
0030
0030
0030
0030
0030
0030
0030
0030
0030
0030
0030
0030
0030
0030
0030
0030
0030
0030
0030
0030
0030
0030
0030
0030
0030
0030
0030
0030
0030
0030
0030
0030
0030
0030
0030
0030
0030
0030
0030
0030
0030
0030
0030
0030
0030
0030
0030
0030
0030
0030
0030
0030
0030
0030
0030
0030
0030
0030
0030
0030
0030
0030
0030
0030
0030
0030
0030
0030
0030
0030
0030
0030
0030
0030
0030
0030
0030
0030
0030
0030
0030
0030
0030
0030
0030
0030
0030
0030
0030
0030
0030
0030
0030
0030
0030
0030
0030
0030
0030
0030
0030
0030
0030
0030
0030
0030
0030
0030
0030
0030
0030
0030
0030
0030
0030
0030
0030
0030
0030
0030
0030
0030
0030
0030
0030
0030
0030
0030
0030
0030
0030
0030
0030
0030
0030
0030
0030
0030
0030
0030
0030
0030
0030
0030
0030
0030
0030
0030
0030
0030
0030
0030
0030
0030
0030
0030
0030
0030
0030
0030
0030
0030
0030
0030
0030
0030
0030
0030
0030
0030
0030
0030
0030
0030
0030
0030
0030
0030
0030
0030
0030
0030
0030
0030
0030
0030
0030
0030
0030
0030
0030
0030
0030
0030
0030
0030
0030
0030
0030
0030
0030
0030
0030
0030
0030
0030
0030
0030
0030
0030
0030
0030
0030
0030
0030
0030
0030
0030
0030
0030
0030
0030
0030
0030
0030
0030
0030
0030
0030
0030
0030
0030
0030
0030
0030
0030
0030
0030
0030
0030
0030
0030
0030
0030
0030
0030
0030
0030
0030
0030
0030
0030
0030
0030
0030
0030
0030
0030
0030
0030
0030
0030
0030
0030
0030
0030
0030
0030
0030
0030
0030
0030
0030
0030
0030
0030
0030
0030
0030
0030

