2221
2222
2223
2224
2226
2227
2228
2229
2230
2231
2232
2233
2234
2235
2236
2237
2238
2239
2240
2241
2242
2243
2244
2245
2246
2247
2248
2251
2252
2253
2254
2255
2261
2262
2263
2264
2265
2266
2267
2268
2269
2271
2272
2273
2274
2275
2276
2281
2282
2283
2284
2285
2286
2287
2288
2289
2291
2292
2293
2294
2295
2296
2297
2298
2299
2310
2310
2321
2322
2323
2324
2325
2327
2330
2331
2332
2333
2334
2340
2341
2343
2342
2350
2351
2352
2353
2354
2370
2371
2372
2373
2374
2375
2376
2377
2378
2380
2381
2382
2383
2384
2385
2386
2387
2390
2391
2392
2393
2394
2395
2396
2397
2399
2410
2410
2420
2421
2422
2423
2424
2425
2426
2427
2428
2429
2430
2431
2432
2433
2434
2435
2440
2441
2442
2443
2444
2445
2446
2460
2461
2462
2463
2464
2465
2466
2467
2468
2469
2490
2491
2492
2493
2494
2495
2496
2450
2510
2520
2521
2522
2523
2524
2525
2530
2531
2532
2533
2534
2535
2536
2540
2541
2542
2543
2544
2545
2550
2551
2552
2553
2554
2555
2556
2557
2590
2591
2592
2593
2594
2595
2560
2610
2610
2620
2621
2622
2623
2624
2625
2626
2627
2630
2631
2632
2634
2635
2633
2640
2641
2642
2643
2644
2645
2646
2647
2648
2650
2651
2652
2653
2654
2655
2656
2657
2658
2659
2660
2661
2662
2663
2664
2665
2666
2667
2670
2671
2674
2672
2680
2681
2682
2683
2684
2685
2686
2690
2691
2692
2693
2694
2695
2696
2697
2710
2720
2721
2722
2723
2724
2725
2726
2730
2731
2732
2733
2734
2735
2736
2737
2740
2741
2742
2743
2744
2746
2747
2748
2750
2751
2752
2753
2754
2755
2756
2757
2758
2760
2761
2763
2765
2762
2790
2791
2792
2795
2796
2797
2793
2770
2820
2821
2822
2823
2824
2825
2826
2830
2831
2832
2833
2834
2835
2840
2841
2842
2843
2844
2845
2890
2891
2892
2893
2894
2895
2896
2897
2898